Elapsed time for non-blocked GEMM: 3.933906555175781e-05 sec

W matrix
[[0.31657087 0.04972873 0.17866632 0.51820166 0.30351912 0.11539058]
 [0.57629993 0.53483955 0.7489052  0.19648881 0.63375672 0.85461923]
 [0.67046281 0.78280013 0.38664052 0.5519404  0.48568534 0.29891451]
 [0.55893794 0.93752428 0.81399974 0.47484554 0.80788391 0.28235809]
 [0.75675432 0.11462465 0.15484696 0.48484927 0.44436    0.04364213]
 [0.72896233 0.62574998 0.39918065 0.99043014 0.92552291 0.4747757 ]]

X matrix
[[0.76379853 0.02328487 0.14747838 0.52378338 0.64969844 0.68266413]
 [0.65303908 0.64025365 0.43118977 0.57480687 0.74497305 0.77725453]
 [0.25565878 0.13472988 0.50780004 0.14777377 0.82848095 0.17140808]
 [0.50381316 0.5855656  0.83177095 0.41081304 0.05852394 0.69149481]
 [0.03741149 0.31010639 0.93993258 0.96792683 0.15959372 0.17433965]
 [0.56685908 0.61111885 0.36332734 0.6977122  0.03172755 0.13372004]]

W Block 0 0
[[0.31657087 0.04972873 0.17866632]
 [0.57629993 0.53483955 0.7489052 ]
 [0.67046281 0.78280013 0.38664052]]

Row Slice 0 0
[0.76379853 0.02328487 0.14747838]

Row Slice 1 0
[0.65303908 0.64025365 0.43118977]

Row Slice 2 0
[0.25565878 0.13472988 0.50780004]

Row Slice 3 0
[0.50381316 0.5855656  0.83177095]

Row Slice 4 0
[0.03741149 0.31010639 0.93993258]

Row Slice 5 0
[0.56685908 0.61111885 0.36332734]

W Block 0 3
[[0.51820166 0.30351912 0.11539058]
 [0.19648881 0.63375672 0.85461923]
 [0.5519404  0.48568534 0.29891451]]

Row Slice 0 0
[0.76379853 0.02328487 0.14747838]

Row Slice 1 0
[0.65303908 0.64025365 0.43118977]

Row Slice 2 0
[0.25565878 0.13472988 0.50780004]

Row Slice 3 0
[0.50381316 0.5855656  0.83177095]

Row Slice 4 0
[0.03741149 0.31010639 0.93993258]

Row Slice 5 0
[0.56685908 0.61111885 0.36332734]

W Block 3 0
[[0.55893794 0.93752428 0.81399974]
 [0.75675432 0.11462465 0.15484696]
 [0.72896233 0.62574998 0.39918065]]

Row Slice 0 3
[0.52378338 0.64969844 0.68266413]

Row Slice 1 3
[0.57480687 0.74497305 0.77725453]

Row Slice 2 3
[0.14777377 0.82848095 0.17140808]

Row Slice 3 3
[0.41081304 0.05852394 0.69149481]

Row Slice 4 3
[0.96792683 0.15959372 0.17433965]

Row Slice 5 3
[0.6977122  0.03172755 0.13372004]

W Block 3 3
[[0.47484554 0.80788391 0.28235809]
 [0.48484927 0.44436    0.04364213]
 [0.99043014 0.92552291 0.4747757 ]]

Row Slice 0 3
[0.52378338 0.64969844 0.68266413]

Row Slice 1 3
[0.57480687 0.74497305 0.77725453]

Row Slice 2 3
[0.14777377 0.82848095 0.17140808]

Row Slice 3 3
[0.41081304 0.05852394 0.69149481]

Row Slice 4 3
[0.96792683 0.15959372 0.17433965]

Row Slice 5 3
[0.6977122  0.03172755 0.13372004]

Blocked GEMM failed
